# http://nlp.kookmin.ac.kr/data/han-dic.html 에서 구한 자료에서 편집

#II. 상위 100개 통합 어미의 상대적 출현빈도
#2.2 신문 기사

#----------------------------------------
#     어미   출현빈도  %   누적 %
#-----------------------------------------
     ㄴ      30937  17.79  17.79      |  1  
     다      23353  13.43  31.22      |  2
     어      21818  12.55  43.77      |  3
     고      15254   8.77  52.54      |  4
     는      12599   7.25  59.79      |  5
     ㄹ      11369   6.54  66.33      |  6
     은       2980   1.71  68.04      |  7
     기로     2911   1.67  69.71      |  8
     게       2769   1.59  71.31      |  9
     다고     2691   1.55  72.85      | 10
     지       2690   1.55  74.40      | 11
     기       2494   1.43  75.83      | 12
     ㄴ다     2411   1.39  77.22      | 13
     면       2389   1.37  78.59      | 14
     으며     2106   1.21  79.81      | 15
     라고     2076   1.19  81.00      | 16
     나       1961   1.13  82.13      | 17
     라       1925   1.11  83.23      | 18
     으나     1704   0.98  84.21      | 19
     어라     1568   0.90  85.12      | 20
     며       1437   0.83  85.94      | 21
     도록     1301   0.75  86.69      | 22
     던       1290   0.74  87.43      | 23
     을       1195   0.69  88.12      | 24
     다는     1069   0.61  88.73      | 25
     면서      979   0.56  89.30      | 26
     ㅁ        956   0.55  89.85      | 27
     어야      939   0.54  90.39      | 28
     는데      864   0.50  90.88      | 29
     어서      788   0.45  91.34      | 30
     어서는    775   0.45  91.78      | 31
     이        698   0.40  92.18      | 32
     아        676   0.39  92.57      | 33
     ㄴ다는    517   0.30  92.87      | 34
     려        495   0.28  93.16      | 35
     ㄴ데      484   0.28  93.43      | 36
     자        476   0.27  93.71      | 37
     오        428   0.25  93.95      | 38
     ㄴ다고    417   0.24  94.19      | 39
     거나      400   0.23  94.42      | 40
     든        381   0.22  94.64      | 41
     요        354   0.20  94.85      | 42
     라는      338   0.19  95.04      | 43
     소        336   0.19  95.23      | 44
     진        312   0.18  95.41      | 45
     련        302   0.17  95.59      | 46
     지만      274   0.16  95.74      | 47
     어도      228   0.13  95.88      | 48
     군        226   0.13  96.01      | 49
     지를      202   0.12  96.12      | 50
     어서도    195   0.11  96.23      | 51
     디        191   0.11  96.34      | 52
     기에      189   0.11  96.45      | 53
     니라      187   0.11  96.56      | 54
     더라도    169    0.1  96.66      | 55
     래        166    0.1  96.75      | 56
     지는      162   0.09  96.85      | 57
     되        161   0.09  96.94      | 58
     러        153   0.09  97.03      | 59
     ㄹ라      152   0.09  97.11      | 60
     ㅂ니다    140   0.08  97.19      | 61
     려는      140   0.08  97.27      | 62
     란        140   0.08  97.36      | 63
     ㄹ수록    138   0.08  97.43      | 64
     ㄴ데다    137   0.08  97.51      | 65
     ㄴ지      132   0.08  97.59      | 66
     ㄴ가      131   0.08  97.66      | 67
     는데다    122   0.07  97.73      | 68
     매        121   0.07  97.80      | 69
     음        110   0.06  97.87      | 70
     는다      105   0.06  97.93      | 71
     어선      103   0.06  97.99      | 72
     다가      103   0.06  98.05      | 73
     라며       97   0.06  98.10      | 74
     ㄴ다면     95   0.05  98.16      | 75
     질         90   0.05  98.21      | 76
     자는       86   0.05  98.26      | 77
     라면서     84   0.05  98.31      | 78
     건         80   0.05  98.35      | 79
     ㄹ지       70   0.04  98.39      | 80
     니         70   0.04  98.43      | 81
     습니다     68   0.04  98.47      | 82
     으면       67   0.04  98.51      | 83
     아야       63   0.04  98.55      | 84
     어다       62   0.04  98.58      | 85
     다며       62   0.04  98.62      | 86
     므로       61   0.04  98.65      | 87
     는대로     60   0.03  98.69      | 88
     고는       58   0.03  98.72      | 89
     는가       58   0.03  98.75      | 90
     고서는     56   0.03  98.79      | 91
     세         54   0.03  98.82      | 92
     는데도     53   0.03  98.85      | 93
     다면서     53   0.03  98.88      | 94
     음에도     52   0.03  98.91      | 95
     면서도     51   0.03  98.94      | 96
     는지       44   0.03  98.96      | 97
     자고       44   0.03  98.99      | 98
     ㄴ가를     44   0.03  99.01      | 99
     다면       41   0.02  99.04      |100
#-----------------------------------------
#    총 299가지 173,886회 출현


#2.3 국민학교 교과서

#-----------------------------------------
#     어미   출현빈도  %   누적 %
#-----------------------------------------
     어      30784  13.77  13.77
     ㄴ      24874  11.13  24.90
     는      17821   7.97  32.87
     고      13939   6.24  39.11
     ㄹ      13802   6.17  45.29
     습니다  11098   4.97  50.25
     게       8342   3.73  53.98
     다       7440   3.33  57.31
     은       6398   2.86  60.17
     자       5906   2.64  62.82
     ㅂ시다   5301   2.37  65.19
     어서     4448   1.99  67.18
     ㅂ니다   4427   1.98  69.16
     지       3891   1.74  70.90
     기       3698   1.65  72.55
     을       3622   1.62  74.17
     어라     3171   1.42  75.59
     ㄴ다     3054   1.37  76.96
     나       3014   1.35  78.31
     면       2342   1.05  79.36
     며       1991   0.89  80.25
     라       1840   0.82  81.07
     아       1732   0.77  81.84
     어야     1690   0.76  82.60
     는지     1630   0.73  83.33
     오       1452   0.65  83.98
     던       1438   0.64  84.62
     ㅁ       1311   0.59  85.21
     ㄴ가     1296   0.58  85.79
     는가     1250   0.56  86.35
     이       1084   0.48  86.83
     아라     1079   0.48  87.32
     려       1051   0.47  87.79
     면서      968   0.43  88.22
     라고      886   0.40  88.62
     ㄴ지      848   0.38  88.99
     도록      747   0.33  89.33
     니        703   0.31  89.64
     다고      687   0.31  89.95
     지만      685   0.31  90.26
     ㅂ니까    649   0.29  90.55
     으면      606   0.27  90.82
     어도      602   0.27  91.09
     습니까    591   0.26  91.35
     거나      526   0.24  91.59
     ㄴ데      518   0.23  91.82
     으며      512   0.23  92.05
     는데      507   0.23  92.28
     려고      454   0.20  92.48
     라는      442   0.20  92.68
     는다      439   0.20  92.87
     어요      406   0.18  93.05
     래        406   0.18  93.24
     다는      387   0.17  93.41
     ㄹ라      357   0.16  93.57
     ㄹ까요    351   0.16  93.73
     나요      339   0.15  93.88
     아서      331   0.15  94.03
     다가      330   0.15  94.17
     러        324   0.14  94.32
     네        322   0.14  94.46
     든        300   0.13  94.60
     ㄴ다고    298   0.13  94.73
     려면      298   0.13  94.86
     을까요    294   0.13  94.99
     기로      291   0.13  95.12
     진        289   0.13  95.25
     어서는    288   0.13  95.38
     ㄹ지      279   0.12  95.51
     요        276   0.12  95.63
     기에      272   0.12  95.75
     란        266   0.12  95.87
     ㄴ지를    264   0.12  95.99
     구나      259   0.12  96.11
     므로      233   0.10  96.21
     니라      232   0.10  96.31
     ㄴ다면    210   0.09  96.41
     ㄹ까      209   0.09  96.50
     다면      203   0.09  96.59
     마        195   0.09  96.68
     ㄴ다는    182   0.08  96.76
     아야      173   0.08  96.84
     더니      165   0.07  96.91
     으나      162   0.07  96.98
     어다      145   0.06  97.05
     어서도    145   0.06  97.11
     지를      138   0.06  97.18
     지는      130   0.06  97.23
     으니      130   0.06  97.29
     긴        127   0.06  97.35
     을까      127   0.06  97.41
     단다      124   0.06  97.46
     세요      121   0.05  97.52
     고는      118   0.05  97.57
     음        118   0.05  97.62
     니까      118   0.05  97.67
     려는      115   0.05  97.73
     질        114   0.05  97.78
     지요      109   0.05  97.83
     으면서     97   0.04  97.87
#-----------------------------------------
#    총 400가지 223,517회 출현
