# http://nlp.kookmin.ac.kr/data/han-dic.html 에서 구한 자료에서 편집
#I. 상위 70개 통합 조사의 상대적 출현빈도
#1.2 신문 기사
     
#-----------------------------------------
#     조사   출현빈도  %   누적 %
#-----------------------------------------
     을     25941  12.98  12.98  | 1
     의     22161  11.09  24.06  | 2
     에     20200  10.10  34.17  | 3
     이     15021   7.51  41.68  | 4
     를     14937   7.47  49.15  | 5
     으로   11973   5.99  55.14  | 6
     은     11615   5.81  60.95  | 7
     는     11426   5.72  66.67  | 8
     가      8348   4.18  70.84  | 9
     로      6547   3.28  74.12  |10
     하고    5639   2.82  76.94  |11
     과      5244   2.62  79.56  |12
     에서    4984   2.49  82.06  |13
     도      3795   1.90  83.95  |14
     와      3169   1.59  85.54  |15
     이다    2905   1.45  86.99  |16
     고      2576   1.29  88.28  |17
     부터    1624   0.81  89.09  |18
     까지    1506   0.75  89.85  |19
     께      1317   0.66  90.51  |20
     에는    1254   0.63  91.13  |21
     이라고  1043   0.52  91.66  |22
     만      1011   0.51  92.16  |23
     라고     957   0.48  92.64  |24
     보다     901   0.45  93.09  |25
     에도     775   0.39  93.48  |26
     다       746   0.37  93.85  |27
     토록     690   0.35  94.20  |28
     에게     641   0.32  94.52  |29
     나       582   0.29  94.81  |30
     대로     535   0.27  95.08  |31
     에서는   532   0.27  95.34  |32
     이나     487   0.24  95.59  |33
     이며     404   0.20  95.79  |34
     요       380   0.19  95.98  |35
     든       374   0.19  96.17  |36
     으로써   344   0.17  96.34  |37
     같이     315   0.16  96.49  |38
     로는     313   0.16  96.65  |39
     밖에     296   0.15  96.80  |40
     과의     290   0.15  96.94  |41
     며       283   0.14  97.09  |42
     로부터   262   0.13  97.22  |43
     처럼     262   0.13  97.35  |44
     아       254   0.13  97.48  |45
     라       242   0.12  97.60  |46
     여       227   0.11  97.71  |47
     으로는   227   0.11  97.82  |48
     이고     227   0.11  97.94  |49
     에서의   206   0.10  98.04  |50
     이라는   186   0.09  98.13  |51
     만에     164   0.08  98.22  |52
     으로부터 164   0.08  98.30  |53
     에서도   163   0.08  98.38  |54
     와의     147   0.07  98.45  |55
     엔       139   0.07  98.52  |56
     만을     124   0.06  98.58  |57
     부터는   122   0.06  98.64  |58
     만의     115   0.06  98.70  |59
     야       110   0.06  98.76  |60
     까지의   107   0.05  98.81  |61
     과는     103   0.05  98.86  |62
     치고     103   0.05  98.91  |63
     과를     100   0.05  98.96  |64
     으로의    98   0.05  99.01  |65
     까지는    84   0.04  99.06  |66
     보다는    76   0.04  99.09  |67
     만이      72   0.04  99.13  |68
     에만      70   0.04  99.16  |69
     로의      69   0.03  99.20  |70
#-----------------------------------------
#     총 197가지 199,906회 출현

#1.3 국민학교 교과서
     
#-----------------------------------------
#     조사   출현빈도  %   누적 %
#-----------------------------------------
     을    30266  15.50  15.50
     의    21511  11.02  26.51
     를    16400   8.40  34.91
     이    16185   8.29  43.20
     에    14945   7.65  50.85
     는    12061   6.18  57.03
     은    11419   5.85  62.88
     가     9898   5.07  67.95
     로     5839   2.99  70.94
     고     5349   2.74  73.68
     과     5056   2.59  76.26
     도     4923   2.52  78.79
     에서   4783   2.45  81.24
     으로   4495   2.30  83.54
     와     3796   1.94  85.48
     에는   2605   1.33  86.81
     여     1954   1.00  87.82
     께     1581   0.81  88.62
     하고   1463   0.75  89.37
     나     1225   0.63  90.00
     에게   1205   0.62  90.62
     이다   1076   0.55  91.17
     만     1052   0.54  91.71
     이나   1008   0.52  92.22
     라      866   0.44  92.67
     께서    828   0.42  93.09
     야      816   0.42  93.51
     아      666   0.34  93.85
     다      637   0.33  94.18
     에서는  621   0.32  94.50
     며      572   0.29  94.79
     보다    561   0.29  95.08
     께서는  561   0.29  95.36
     까지    545   0.28  95.64
     니      510   0.26  95.90
     대로    465   0.24  96.14
     라고    464   0.24  96.38
     처럼    459   0.24  96.61
     이라고  433   0.22  96.84
     부터    418   0.21  97.05
     에도    400   0.20  97.25
     마다    311   0.16  97.41
     요      275   0.14  97.55
     든      260   0.13  97.69
     이고    242   0.12  97.81
     같이    198   0.10  97.91
     에서도  163   0.08  98.00
     이라    157   0.08  98.08
     까지의  129   0.07  98.14
     로부터  116   0.06  98.20
     로가    114   0.06  98.26
     으로는  108   0.06  98.32
     로는    107   0.05  98.37
     이야    102   0.05  98.42
     로의     93   0.05  98.47
     치고     91   0.05  98.52
     만큼     91   0.05  98.56
     으로써   90   0.05  98.61
     이며     88   0.05  98.65
     만을     86   0.04  98.70
     에게는   85   0.04  98.74
     이라는   83   0.04  98.78
     라도     79   0.04  98.83
     께서도   73   0.04  98.86
     랑       69   0.04  98.90
     으로부터 67   0.03  98.93
     이라도   67   0.03  98.97
     과의     64   0.03  99.00
     으로도   64   0.03  99.03
     만이     60   0.03  99.06
#-----------------------------------------
#     총 219가지 195,279회 출현
